2.80 4.07 4.13 3.81 2.62 3.99 2.74 4.60 3.43 3.73 3.95 3.56 3.96 3.97 4.13 3.29 3.91 4.37 4.88 4.50 3.08 3.96 3.98 1.98 4.87 1.37 3.97 3.85 3.86 4.09 2.55 3.46 4.02 3.54 3.86 4.14 4.39 3.92 3.98 3.91 4.02 3.96 3.66 3.75 4.51 4.01 4.07 3.56 4.06 4.09 3.65 3.84 3.38 3.65 4.35 3.99 3.33 3.60 4.12 3.37 3.28 4.19 4.01 4.23 3.78 3.69 2.64 3.99 3.67 3.85 3.65 3.68 3.59 3.85 3.32 3.92 2.60 4.30 3.75 4.44 3.29 3.96 3.74 3.67 3.91 4.66 1.88 4.22 3.34 3.83 3.51 4.05 4.50 4.44 3.74 3.63 3.52 3.18 3.43 3.53 3.24 3.14 4.14 3.35 1.46 3.67 3.92 3.58 2.97 2.86 3.88 3.46 4.17
3.59 5.22 5.35 5.02 3.38 5.07 3.60 5.91 4.34 4.87 5.04 4.65 5.22 5.13 5.33 4.15 5.04 5.68 6.28 5.80 4.01 5.06 5.08 2.48 6.29 1.66 5.09 4.97 4.91 5.27 3.28 4.55 5.18 4.57 4.98 5.31 5.74 5.08 5.14 4.92 5.18 5.03 4.62 4.95 5.83 5.07 5.28 4.51 5.23 5.21 4.82 4.86 4.29 4.79 5.55 5.28 4.20 4.70 5.30 4.37 4.29 5.40 5.08 5.42 5.01 4.69 3.40 5.14 4.80 5.03 4.74 4.82 4.73 4.93 4.41 5.15 3.36 5.43 4.81 5.78 4.33 5.17 4.69 4.65 4.98 6.03 2.36 5.38 4.30 5.07 4.53 5.20 5.76 5.72 4.85 4.69 4.54 4.23 4.45 4.56 4.28 3.93 5.24 4.26 1.84 4.62 5.05 4.48 3.92 3.81 5.02 4.37 5.35
2.43 3.53 3.61 3.38 2.28 3.44 2.43 3.99 2.94 3.29 3.41 3.14 3.51 3.47 3.60 2.82 3.41 3.83 4.25 3.92 2.71 3.42 3.44 1.68 4.25 1.13 3.44 3.36 3.33 3.56 2.22 3.07 3.50 3.09 3.37 3.59 3.87 3.43 3.47 3.34 3.50 3.40 3.13 3.33 3.94 3.43 3.57 3.06 3.53 3.53 3.24 3.29 2.91 3.23 3.76 3.55 2.85 3.17 3.58 2.95 2.89 3.65 3.44 3.67 3.37 3.18 2.30 3.47 3.24 3.39 3.20 3.25 3.18 3.34 2.97 3.47 2.27 3.68 3.25 3.90 2.92 3.49 3.18 3.15 3.37 4.07 1.60 3.64 2.90 3.41 3.06 3.51 3.90 3.87 3.28 3.17 3.07 2.84 3.00 3.08 2.88 2.67 3.55 2.89 1.25 3.13 3.41 3.04 2.64 2.56 3.39 2.96 3.62
3.12 4.53 4.62 4.28 2.92 4.43 3.08 5.12 3.80 4.18 4.39 3.99 4.45 4.44 4.61 3.64 4.36 4.89 5.44 5.02 3.45 4.40 4.42 2.19 5.44 1.49 4.42 4.30 4.29 4.56 2.84 3.88 4.48 3.95 4.31 4.61 4.92 4.38 4.44 4.33 4.48 4.39 4.05 4.22 5.04 4.44 4.55 3.95 4.53 4.54 4.10 4.26 3.75 4.10 4.84 4.49 3.69 4.04 4.59 3.77 3.68 4.67 4.45 4.71 4.25 4.10 2.94 4.45 4.12 4.31 4.08 4.13 4.03 4.29 3.74 4.40 2.91 4.76 4.18 4.97 3.69 4.44 4.13 4.07 4.35 5.21 2.08 4.69 3.72 4.31 3.91 4.51 5.01 4.95 4.18 4.05 3.93 3.58 3.84 3.94 3.64 3.46 4.59 3.72 1.62 4.06 4.37 3.95 3.34 3.23 4.33 3.83 4.65
3.10 4.51 4.58 4.21 2.90 4.42 3.04 5.09 3.80 4.13 4.38 3.95 4.39 4.40 4.57 3.64 4.33 4.84 5.41 4.98 3.41 4.38 4.40 2.19 5.40 1.51 4.39 4.26 4.28 4.53 2.82 3.83 4.45 3.92 4.28 4.59 4.86 4.34 4.41 4.33 4.45 4.38 4.05 4.16 5.00 4.44 4.51 3.94 4.50 4.53 4.04 4.25 3.74 4.05 4.82 4.42 3.69 3.99 4.56 3.74 3.64 4.64 4.44 4.68 4.18 4.09 2.93 4.42 4.07 4.26 4.05 4.08 3.97 4.27 3.68 4.34 2.88 4.76 4.16 4.91 3.64 4.38 4.15 4.06 4.33 5.17 2.08 4.67 3.70 4.24 3.88 4.48 4.99 4.92 4.14 4.02 3.90 3.52 3.80 3.91 3.58 3.47 4.58 3.71 1.62 4.07 4.34 3.96 3.29 3.17 4.30 3.83 4.62
3.45 5.00 5.15 4.86 3.25 4.86 3.48 5.67 4.14 4.70 4.83 4.49 5.05 4.93 5.12 3.96 4.84 5.47 6.03 5.58 3.87 4.85 4.86 2.36 6.05 1.56 4.88 4.78 4.69 5.07 3.15 4.41 4.98 4.39 4.79 5.09 5.54 4.89 4.94 4.69 4.97 4.81 4.41 4.79 5.61 4.83 5.09 4.31 5.02 4.99 4.67 4.64 4.10 4.63 5.32 5.12 4.01 4.54 5.08 4.20 4.14 5.19 4.85 5.20 4.86 4.49 3.26 4.93 4.63 4.86 4.57 4.66 4.58 4.73 4.28 4.98 3.24 5.18 4.61 5.57 4.19 5.00 4.46 4.44 4.76 5.80 2.25 5.15 4.13 4.92 4.36 4.99 5.52 5.49 4.67 4.50 4.36 4.11 4.28 4.38 4.15 3.74 5.00 4.08 1.75 4.40 4.85 4.27 3.80 3.70 4.83 4.17 5.14
3.23 4.69 4.81 4.52 3.04 4.56 3.24 5.31 3.90 4.38 4.53 4.19 4.70 4.61 4.79 3.73 4.53 5.11 5.65 5.22 3.61 4.55 4.56 2.23 5.66 1.48 4.57 4.47 4.41 4.74 2.95 4.10 4.66 4.11 4.48 4.77 5.16 4.57 4.62 4.42 4.65 4.51 4.15 4.46 5.25 4.55 4.75 4.05 4.70 4.68 4.34 4.36 3.85 4.31 4.99 4.76 3.77 4.23 4.76 3.93 3.86 4.85 4.56 4.87 4.51 4.21 3.05 4.62 4.32 4.53 4.26 4.34 4.26 4.43 3.98 4.63 3.03 4.87 4.32 5.20 3.90 4.66 4.20 4.17 4.47 5.42 2.12 4.83 3.86 4.57 4.07 4.67 5.18 5.14 4.36 4.21 4.08 3.81 4.00 4.10 3.86 3.53 4.70 3.83 1.65 4.14 4.54 4.02 3.53 3.44 4.51 3.93 4.81
3.33 4.81 5.00 4.80 3.15 4.65 3.42 5.47 3.94 4.60 4.63 4.39 4.98 4.78 4.97 3.77 4.69 5.34 5.84 5.40 3.78 4.66 4.67 2.23 5.87 1.42 4.70 4.64 4.49 4.91 3.04 4.35 4.82 4.26 4.63 4.91 5.43 4.75 4.79 4.44 4.81 4.59 4.19 4.73 5.45 4.59 4.96 4.12 4.85 4.78 4.61 4.42 3.92 4.54 5.10 5.06 3.80 4.44 4.91 4.09 4.05 5.02 4.62 5.02 4.81 4.29 3.15 4.77 4.54 4.76 4.45 4.57 4.52 4.56 4.26 4.90 3.14 4.92 4.44 5.44 4.13 4.89 4.20 4.23 4.56 5.63 2.14 4.94 3.99 4.87 4.23 4.82 5.32 5.32 4.54 4.36 4.22 4.08 4.16 4.25 4.11 3.54 4.76 3.91 1.66 4.16 4.69 4.03 3.75 3.69 4.69 3.97 4.95
3.56 5.17 5.31 4.99 3.35 5.03 3.57 5.86 4.30 4.84 5.00 4.62 5.18 5.09 5.29 4.11 5.00 5.64 6.23 5.75 3.98 5.01 5.03 2.46 6.24 1.64 5.04 4.93 4.87 5.23 3.25 4.52 5.14 4.53 4.94 5.27 5.69 5.04 5.10 4.87 5.13 4.98 4.58 4.92 5.79 5.02 5.24 4.47 5.19 5.16 4.79 4.81 4.25 4.75 5.51 5.25 4.16 4.67 5.25 4.34 4.26 5.35 5.03 5.38 4.98 4.65 3.37 5.09 4.76 5.00 4.70 4.78 4.70 4.89 4.39 5.11 3.34 5.38 4.77 5.73 4.30 5.14 4.64 4.60 4.93 5.98 2.34 5.33 4.26 5.04 4.49 5.15 5.71 5.67 4.81 4.65 4.50 4.20 4.41 4.52 4.25 3.89 5.19 4.23 1.82 4.57 5.01 4.44 3.89 3.79 4.98 4.33 5.31
3.12 4.53 4.66 4.41 2.94 4.39 3.15 5.13 3.75 4.26 4.37 4.07 4.58 4.47 4.64 3.58 4.38 4.96 5.46 5.05 3.50 4.39 4.40 2.13 5.48 1.40 4.42 4.33 4.25 4.59 2.85 4.00 4.50 3.98 4.33 4.61 5.02 4.43 4.48 4.24 4.50 4.35 3.98 4.35 5.08 4.37 4.61 3.90 4.55 4.51 4.23 4.19 3.71 4.19 4.81 4.64 3.62 4.11 4.60 3.81 3.75 4.70 4.38 4.71 4.40 4.06 2.95 4.47 4.20 4.40 4.14 4.22 4.15 4.28 3.89 4.51 2.93 4.68 4.18 5.04 3.80 4.53 4.03 4.01 4.31 5.25 2.04 4.66 3.73 4.46 3.95 4.52 5.00 4.97 4.23 4.08 3.95 3.72 3.88 3.97 3.76 3.38 4.52 3.69 1.58 3.98 4.39 3.86 3.44 3.36 4.37 3.77 4.65
3.24 4.72 4.80 4.43 3.04 4.62 3.19 5.33 3.97 4.34 4.58 4.14 4.61 4.61 4.79 3.80 4.53 5.07 5.66 5.22 3.58 4.58 4.61 2.29 5.65 1.57 4.60 4.47 4.47 4.74 2.95 4.02 4.66 4.11 4.48 4.80 5.10 4.55 4.62 4.52 4.66 4.58 4.23 4.37 5.24 4.64 4.73 4.12 4.71 4.73 4.25 4.44 3.91 4.25 5.04 4.65 3.86 4.19 4.78 3.92 3.82 4.86 4.64 4.90 4.40 4.28 3.06 4.63 4.27 4.48 4.24 4.28 4.18 4.47 3.87 4.56 3.02 4.97 4.35 5.16 3.83 4.60 4.32 4.24 4.53 5.41 2.17 4.88 3.87 4.46 4.07 4.69 5.22 5.15 4.35 4.21 4.09 3.71 3.99 4.09 3.77 3.62 4.79 3.88 1.69 4.24 4.55 4.13 3.45 3.34 4.50 4.00 4.84
2.93 4.25 4.36 4.10 2.76 4.14 2.94 4.82 3.53 3.98 4.11 3.80 4.26 4.19 4.35 3.38 4.11 4.64 5.12 4.73 3.27 4.12 4.14 2.02 5.13 1.34 4.15 4.06 4.00 4.30 2.67 3.72 4.22 3.73 4.06 4.33 4.68 4.14 4.19 4.00 4.22 4.09 3.76 4.05 4.76 4.12 4.31 3.68 4.26 4.25 3.94 3.96 3.50 3.91 4.53 4.32 3.42 3.84 4.32 3.57 3.50 4.40 4.13 4.42 4.09 3.82 2.77 4.19 3.92 4.11 3.87 3.94 3.86 4.02 3.61 4.21 2.75 4.42 3.92 4.72 3.54 4.23 3.81 3.78 4.06 4.92 1.93 4.38 3.50 4.15 3.70 4.24 4.70 4.67 3.96 3.82 3.70 3.46 3.63 3.72 3.50 3.20 4.27 3.47 1.50 3.76 4.12 3.65 3.20 3.12 4.10 3.56 4.37
2.97 4.31 4.41 4.14 2.79 4.19 2.97 4.88 3.59 4.02 4.17 3.84 4.30 4.24 4.40 3.43 4.16 4.69 5.19 4.79 3.31 4.18 4.20 2.05 5.20 1.37 4.20 4.11 4.06 4.35 2.71 3.75 4.28 3.77 4.11 4.39 4.73 4.19 4.24 4.07 4.28 4.15 3.82 4.08 4.82 4.19 4.36 3.73 4.32 4.31 3.97 4.02 3.55 3.95 4.59 4.35 3.48 3.88 4.37 3.61 3.54 4.46 4.20 4.48 4.13 3.88 2.81 4.24 3.96 4.15 3.91 3.98 3.90 4.08 3.64 4.25 2.78 4.49 3.97 4.77 3.57 4.27 3.88 3.84 4.12 4.98 1.96 4.44 3.55 4.18 3.74 4.29 4.76 4.72 4.00 3.87 3.75 3.48 3.67 3.76 3.53 3.25 4.33 3.52 1.52 3.82 4.17 3.71 3.23 3.14 4.14 3.61 4.42
2.79 4.02 4.23 4.15 2.65 3.85 2.94 4.58 3.24 3.93 3.85 3.75 4.29 4.04 4.19 3.09 3.95 4.54 4.91 4.55 3.22 3.88 3.89 1.81 4.95 1.10 3.93 3.92 3.71 4.14 2.56 3.75 4.06 3.59 3.90 4.11 4.65 4.03 4.05 3.62 4.05 3.80 3.43 4.09 4.60 3.77 4.21 3.40 4.08 3.97 3.99 3.63 3.24 3.90 4.24 4.39 3.11 3.80 4.12 3.46 3.47 4.22 3.80 4.20 4.18 3.54 2.65 4.02 3.88 4.08 3.77 3.92 3.90 3.81 3.71 4.22 2.65 4.04 3.72 4.63 3.57 4.19 3.40 3.49 3.78 4.76 1.75 4.11 3.35 4.23 3.57 4.04 4.44 4.48 3.85 3.68 3.56 3.56 3.53 3.59 3.56 2.87 3.92 3.24 1.36 3.40 3.94 3.27 3.25 3.22 3.97 3.26 4.14
3.02 4.35 4.60 4.56 2.88 4.15 3.22 4.96 3.47 4.30 4.16 4.10 4.72 4.38 4.55 3.31 4.29 4.96 5.32 4.94 3.51 4.19 4.19 1.93 5.38 1.14 4.25 4.26 3.99 4.49 2.77 4.12 4.40 3.90 4.24 4.45 5.09 4.39 4.40 3.86 4.39 4.09 3.68 4.49 5.00 4.03 4.58 3.66 4.42 4.28 4.39 3.89 3.48 4.27 4.58 4.83 3.33 4.15 4.46 3.76 3.79 4.58 4.07 4.55 4.61 3.81 2.87 4.36 4.24 4.46 4.11 4.29 4.29 4.11 4.09 4.63 2.89 4.32 4.02 5.05 3.92 4.58 3.62 3.74 4.07 5.17 1.87 4.43 3.63 4.66 3.88 4.38 4.80 4.85 4.19 3.99 3.86 3.93 3.84 3.91 3.92 3.06 4.21 3.49 1.45 3.63 4.27 3.48 3.57 3.56 4.32 3.49 4.48
3.51 5.09 5.25 4.97 3.31 4.94 3.56 5.77 4.21 4.80 4.91 4.59 5.16 5.03 5.22 4.03 4.94 5.59 6.15 5.68 3.95 4.94 4.95 2.40 6.17 1.57 4.97 4.88 4.78 5.17 3.21 4.51 5.07 4.48 4.88 5.19 5.66 4.99 5.04 4.76 5.07 4.89 4.48 4.90 5.72 4.91 5.19 4.39 5.12 5.08 4.78 4.71 4.17 4.73 5.41 5.24 4.07 4.64 5.18 4.29 4.23 5.29 4.93 5.30 4.97 4.56 3.33 5.03 4.73 4.96 4.66 4.76 4.68 4.82 4.39 5.09 3.30 5.26 4.70 5.69 4.29 5.10 4.52 4.51 4.85 5.91 2.29 5.24 4.20 5.03 4.44 5.08 5.63 5.60 4.77 4.59 4.45 4.20 4.37 4.47 4.25 3.80 5.08 4.15 1.78 4.47 4.94 4.33 3.88 3.79 4.93 4.24 5.23
3.04 4.42 4.54 4.28 2.87 4.29 3.06 5.01 3.67 4.14 4.27 3.96 4.44 4.35 4.52 3.51 4.27 4.82 5.33 4.92 3.41 4.28 4.30 2.09 5.34 1.39 4.31 4.22 4.15 4.47 2.78 3.88 4.39 3.88 4.22 4.50 4.88 4.31 4.36 4.15 4.39 4.25 3.90 4.22 4.95 4.28 4.49 3.82 4.43 4.41 4.10 4.11 3.63 4.07 4.70 4.50 3.55 4.00 4.49 3.71 3.65 4.58 4.29 4.60 4.27 3.97 2.88 4.36 4.08 4.28 4.03 4.10 4.03 4.18 3.76 4.38 2.86 4.59 4.08 4.91 3.69 4.40 3.95 3.93 4.21 5.12 2.00 4.55 3.64 4.32 3.84 4.41 4.88 4.85 4.12 3.97 3.85 3.61 3.78 3.87 3.65 3.32 4.43 3.61 1.55 3.90 4.28 3.78 3.34 3.25 4.26 3.69 4.54
2.80 4.02 4.32 4.39 2.69 3.80 3.08 4.61 3.15 4.08 3.83 3.90 4.53 4.11 4.26 3.00 4.01 4.69 4.96 4.62 3.33 3.87 3.87 1.73 5.04 0.94 3.94 4.00 3.65 4.20 2.58 3.96 4.11 3.65 3.96 4.12 4.84 4.13 4.12 3.47 4.09 3.74 3.33 4.32 4.69 3.65 4.32 3.34 4.12 3.93 4.23 3.53 3.18 4.07 4.21 4.67 3.00 3.95 4.15 3.54 3.61 4.28 3.70 4.22 4.46 3.48 2.67 4.06 4.04 4.24 3.88 4.09 4.12 3.81 3.97 4.44 2.71 3.91 3.72 4.78 3.77 4.36 3.23 3.41 3.73 4.85 1.69 4.07 3.39 4.51 3.64 4.07 4.44 4.53 3.95 3.74 3.61 3.82 3.61 3.66 3.79 2.74 3.83 3.21 1.30 3.26 3.98 3.11 3.44 3.46 4.06 3.17 4.16
3.24 4.68 4.88 4.72 3.07 4.51 3.35 5.32 3.82 4.51 4.50 4.30 4.89 4.67 4.85 3.64 4.57 5.22 5.69 5.27 3.70 4.53 4.54 2.15 5.72 1.35 4.57 4.53 4.35 4.79 2.96 4.27 4.70 4.15 4.52 4.78 5.32 4.65 4.68 4.28 4.69 4.45 4.05 4.65 5.32 4.44 4.85 3.99 4.73 4.64 4.54 4.27 3.80 4.45 4.96 4.99 3.68 4.35 4.78 3.99 3.97 4.89 4.47 4.88 4.74 4.16 3.07 4.65 4.45 4.67 4.35 4.48 4.44 4.43 4.20 4.81 3.07 4.76 4.32 5.32 4.06 4.80 4.05 4.10 4.42 5.49 2.07 4.80 3.89 4.80 4.13 4.69 5.17 5.18 4.44 4.26 4.12 4.02 4.07 4.15 4.04 3.41 4.61 3.79 1.60 4.02 4.57 3.88 3.69 3.64 4.58 3.84 4.82
2.86 4.17 4.21 3.85 2.68 4.09 2.78 4.70 3.53 3.79 4.05 3.62 4.01 4.06 4.21 3.38 3.99 4.44 4.99 4.59 3.13 4.05 4.07 2.04 4.97 1.43 4.06 3.93 3.97 4.17 2.60 3.50 4.10 3.61 3.94 4.24 4.46 3.99 4.06 4.03 4.11 4.06 3.77 3.80 4.60 4.13 4.15 3.65 4.15 4.19 3.69 3.95 3.47 3.71 4.46 4.04 3.43 3.66 4.21 3.44 3.34 4.28 4.12 4.32 3.82 3.79 2.70 4.07 3.73 3.91 3.72 3.74 3.63 3.94 3.35 3.97 2.66 4.42 3.84 4.51 3.33 4.02 3.86 3.77 4.01 4.76 1.93 4.32 3.41 3.87 3.58 4.14 4.61 4.53 3.81 3.71 3.60 3.21 3.50 3.60 3.27 3.23 4.25 3.43 1.51 3.78 4.01 3.69 3.00 2.89 3.95 3.56 4.27
3.25 4.71 4.85 4.59 3.06 4.57 3.28 5.34 3.90 4.43 4.55 4.23 4.76 4.65 4.83 3.73 4.56 5.16 5.69 5.25 3.64 4.57 4.58 2.22 5.70 1.46 4.60 4.51 4.42 4.78 2.97 4.16 4.69 4.14 4.51 4.80 5.22 4.61 4.66 4.41 4.69 4.53 4.15 4.52 5.29 4.55 4.80 4.06 4.73 4.70 4.40 4.37 3.86 4.36 5.01 4.83 3.77 4.28 4.79 3.96 3.90 4.89 4.56 4.90 4.58 4.22 3.07 4.65 4.37 4.58 4.30 4.39 4.32 4.46 4.04 4.70 3.05 4.87 4.35 5.25 3.95 4.71 4.19 4.18 4.49 5.46 2.12 4.85 3.89 4.64 4.11 4.70 5.20 5.18 4.40 4.24 4.11 3.87 4.04 4.13 3.92 3.52 4.71 3.84 1.65 4.14 4.57 4.02 3.58 3.50 4.55 3.93 4.84
3.29 4.79 4.83 4.40 3.07 4.71 3.18 5.40 4.07 4.34 4.65 4.15 4.59 4.65 4.83 3.90 4.58 5.09 5.72 5.27 3.59 4.66 4.68 2.35 5.70 1.65 4.66 4.50 4.56 4.79 2.99 4.00 4.71 4.14 4.53 4.87 5.10 4.58 4.66 4.65 4.71 4.67 4.34 4.34 5.28 4.76 4.75 4.20 4.76 4.82 4.22 4.55 3.99 4.24 5.13 4.61 3.96 4.19 4.84 3.95 3.82 4.91 4.75 4.97 4.36 4.36 3.10 4.68 4.27 4.48 4.27 4.28 4.15 4.53 3.82 4.54 3.05 5.09 4.41 5.17 3.80 4.60 4.46 4.34 4.62 5.46 2.23 4.97 3.91 4.42 4.10 4.75 5.30 5.20 4.37 4.25 4.13 3.66 4.01 4.13 3.74 3.73 4.90 3.95 1.74 4.36 4.60 4.26 3.43 3.29 4.53 4.10 4.91
3.51 5.07 5.31 5.17 3.33 4.87 3.67 5.77 4.11 4.92 4.86 4.69 5.35 5.07 5.26 3.92 4.96 5.69 6.17 5.72 4.03 4.90 4.91 2.31 6.22 1.42 4.95 4.92 4.70 5.20 3.21 4.68 5.10 4.51 4.91 5.18 5.81 5.05 5.08 4.60 5.09 4.81 4.36 5.09 5.78 4.78 5.27 4.31 5.13 5.02 4.97 4.60 4.10 4.86 5.36 5.46 3.95 4.75 5.18 4.34 4.34 5.31 4.81 5.29 5.20 4.48 3.33 5.05 4.85 5.09 4.73 4.89 4.86 4.80 4.61 5.26 3.33 5.12 4.68 5.80 4.45 5.23 4.34 4.42 4.78 5.97 2.22 5.19 4.22 5.26 4.48 5.09 5.60 5.63 4.83 4.62 4.47 4.42 4.43 4.51 4.43 3.66 4.97 4.10 1.72 4.32 4.96 4.16 4.04 4.00 4.98 4.13 5.22
2.66 3.84 4.05 3.99 2.54 3.68 2.82 4.38 3.09 3.77 3.68 3.60 4.12 3.86 4.01 2.95 3.78 4.35 4.69 4.35 3.08 3.71 3.71 1.73 4.74 1.04 3.76 3.75 3.54 3.96 2.44 3.61 3.88 3.44 3.74 3.93 4.46 3.86 3.87 3.45 3.87 3.63 3.27 3.93 4.41 3.59 4.03 3.25 3.90 3.79 3.84 3.46 3.09 3.74 4.05 4.22 2.97 3.64 3.94 3.31 3.33 4.04 3.62 4.02 4.02 3.38 2.53 3.84 3.72 3.91 3.61 3.76 3.75 3.64 3.57 4.05 2.54 3.85 3.55 4.44 3.43 4.02 3.24 3.33 3.61 4.55 1.67 3.92 3.21 4.07 3.42 3.86 4.24 4.28 3.69 3.52 3.40 3.42 3.38 3.44 3.42 2.74 3.74 3.10 1.29 3.23 3.77 3.11 3.12 3.10 3.80 3.11 3.96
3.24 4.70 4.81 4.50 3.04 4.58 3.23 5.32 3.92 4.38 4.55 4.18 4.68 4.62 4.80 3.76 4.54 5.10 5.66 5.22 3.60 4.56 4.58 2.25 5.66 1.51 4.58 4.48 4.43 4.75 2.95 4.08 4.66 4.11 4.48 4.79 5.15 4.57 4.63 4.45 4.66 4.54 4.18 4.44 5.25 4.58 4.75 4.08 4.71 4.70 4.32 4.39 3.88 4.30 5.01 4.73 3.80 4.22 4.77 3.93 3.85 4.86 4.59 4.89 4.48 4.24 3.06 4.63 4.31 4.52 4.26 4.33 4.24 4.45 3.95 4.62 3.03 4.91 4.34 5.19 3.88 4.65 4.24 4.20 4.49 5.43 2.14 4.85 3.87 4.54 4.08 4.68 5.20 5.15 4.36 4.22 4.09 3.78 4.00 4.10 3.83 3.56 4.73 3.85 1.66 4.18 4.55 4.06 3.51 3.41 4.52 3.95 4.83
2.52 3.65 3.81 3.68 2.39 3.51 2.62 4.15 2.97 3.52 3.51 3.36 3.82 3.64 3.78 2.84 3.57 4.07 4.43 4.11 2.88 3.53 3.54 1.68 4.46 1.05 3.57 3.53 3.39 3.73 2.31 3.33 3.66 3.24 3.52 3.73 4.15 3.62 3.65 3.34 3.65 3.47 3.15 3.63 4.15 3.46 3.78 3.11 3.69 3.62 3.54 3.33 2.96 3.47 3.86 3.89 2.86 3.40 3.73 3.11 3.10 3.81 3.48 3.81 3.70 3.24 2.40 3.63 3.47 3.64 3.39 3.49 3.46 3.45 3.28 3.76 2.39 3.71 3.37 4.15 3.17 3.74 3.15 3.19 3.45 4.28 1.61 3.74 3.03 3.75 3.22 3.66 4.03 4.04 3.46 3.32 3.21 3.14 3.17 3.24 3.16 2.65 3.59 2.96 1.25 3.13 3.56 3.02 2.88 2.84 3.57 2.99 3.76
3.17 4.60 4.76 4.55 3.00 4.45 3.25 5.22 3.78 4.37 4.43 4.18 4.72 4.56 4.73 3.61 4.47 5.08 5.57 5.15 3.59 4.45 4.46 2.14 5.59 1.38 4.49 4.42 4.29 4.68 2.90 4.12 4.59 4.06 4.42 4.69 5.16 4.53 4.57 4.26 4.59 4.39 4.01 4.49 5.19 4.40 4.72 3.94 4.63 4.57 4.37 4.23 3.75 4.31 4.88 4.80 3.65 4.22 4.68 3.89 3.85 4.79 4.42 4.79 4.56 4.10 3.01 4.55 4.31 4.52 4.23 4.34 4.28 4.35 4.03 4.65 2.99 4.71 4.24 5.17 3.92 4.65 4.03 4.05 4.36 5.36 2.05 4.72 3.80 4.62 4.03 4.60 5.08 5.07 4.33 4.16 4.03 3.86 3.97 4.05 3.89 3.39 4.56 3.74 1.59 3.99 4.47 3.87 3.56 3.49 4.47 3.80 4.73
2.46 3.60 3.56 3.12 2.28 3.58 2.28 4.04 3.13 3.15 3.52 3.00 3.26 3.44 3.58 3.01 3.40 3.71 4.26 3.91 2.61 3.51 3.54 1.84 4.22 1.37 3.50 3.32 3.48 3.55 2.23 2.84 3.50 3.07 3.36 3.65 3.68 3.36 3.44 3.62 3.51 3.56 3.35 3.08 3.90 3.67 3.48 3.21 3.55 3.65 2.98 3.50 3.05 3.05 3.88 3.24 3.06 3.03 3.61 2.90 2.76 3.65 3.65 3.72 3.05 3.33 2.31 3.48 3.09 3.23 3.13 3.08 2.94 3.41 2.66 3.24 2.25 3.93 3.31 3.77 2.70 3.32 3.50 3.33 3.51 4.03 1.72 3.77 2.92 3.10 3.03 3.55 3.98 3.87 3.21 3.15 3.06 2.54 2.95 3.05 2.63 2.91 3.76 3.00 1.35 3.39 3.42 3.33 2.42 2.28 3.34 3.16 3.68
3.20 4.64 4.76 4.48 3.01 4.51 3.21 5.26 3.86 4.35 4.48 4.15 4.66 4.57 4.75 3.69 4.49 5.06 5.60 5.17 3.58 4.50 4.52 2.20 5.61 1.46 4.53 4.43 4.36 4.70 2.92 4.07 4.61 4.07 4.44 4.73 5.12 4.53 4.58 4.37 4.61 4.47 4.10 4.42 5.20 4.50 4.71 4.01 4.66 4.63 4.31 4.32 3.81 4.27 4.94 4.72 3.73 4.20 4.71 3.89 3.83 4.81 4.51 4.83 4.48 4.17 3.03 4.57 4.28 4.49 4.23 4.30 4.22 4.39 3.95 4.60 3.00 4.82 4.28 5.15 3.87 4.62 4.16 4.13 4.43 5.37 2.10 4.78 3.82 4.53 4.04 4.63 5.13 5.09 4.32 4.17 4.04 3.78 3.97 4.06 3.83 3.49 4.65 3.79 1.63 4.10 4.49 3.98 3.50 3.41 4.47 3.88 4.77
3.10 4.51 4.55 4.14 2.89 4.44 2.99 5.09 3.84 4.09 4.39 3.90 4.31 4.38 4.55 3.68 4.31 4.79 5.39 4.96 3.38 4.39 4.42 2.22 5.37 1.57 4.40 4.24 4.30 4.51 2.82 3.76 4.44 3.90 4.26 4.59 4.80 4.31 4.39 4.39 4.44 4.41 4.09 4.08 4.97 4.49 4.47 3.97 4.49 4.54 3.96 4.29 3.77 3.99 4.84 4.33 3.73 3.94 4.56 3.71 3.59 4.63 4.48 4.68 4.09 4.12 2.92 4.41 4.02 4.21 4.02 4.02 3.90 4.27 3.59 4.27 2.87 4.81 4.16 4.87 3.58 4.33 4.21 4.09 4.36 5.14 2.10 4.69 3.69 4.15 3.86 4.47 4.99 4.90 4.12 4.01 3.89 3.44 3.78 3.89 3.51 3.52 4.62 3.72 1.64 4.12 4.33 4.02 3.22 3.09 4.27 3.87 4.62
2.87 4.14 4.35 4.27 2.73 3.96 3.02 4.71 3.33 4.04 3.96 3.86 4.42 4.15 4.31 3.18 4.06 4.67 5.05 4.68 3.31 3.99 4.00 1.87 5.09 1.13 4.04 4.03 3.82 4.26 2.63 3.86 4.17 3.69 4.02 4.23 4.78 4.14 4.16 3.72 4.16 3.91 3.53 4.21 4.74 3.87 4.33 3.50 4.20 4.08 4.11 3.73 3.33 4.01 4.37 4.52 3.20 3.91 4.23 3.56 3.57 4.34 3.90 4.32 4.31 3.64 2.72 4.13 3.99 4.19 3.88 4.03 4.01 3.92 3.82 4.34 2.73 4.15 3.82 4.76 3.67 4.31 3.50 3.59 3.89 4.89 1.80 4.22 3.45 4.35 3.67 4.16 4.57 4.60 3.96 3.78 3.66 3.66 3.63 3.70 3.67 2.95 4.03 3.34 1.39 3.49 4.05 3.36 3.34 3.31 4.08 3.35 4.26
3.14 4.56 4.67 4.36 2.95 4.44 3.13 5.16 3.80 4.24 4.41 4.05 4.54 4.48 4.65 3.64 4.40 4.95 5.49 5.06 3.49 4.42 4.44 2.18 5.49 1.46 4.45 4.34 4.30 4.60 2.86 3.96 4.52 3.99 4.35 4.64 4.99 4.43 4.49 4.32 4.52 4.40 4.05 4.30 5.09 4.44 4.61 3.95 4.57 4.56 4.19 4.26 3.76 4.17 4.86 4.59 3.69 4.10 4.63 3.81 3.74 4.71 4.45 4.74 4.35 4.11 2.97 4.49 4.18 4.38 4.13 4.19 4.11 4.31 3.83 4.48 2.94 4.76 4.21 5.03 3.76 4.51 4.11 4.07 4.36 5.26 2.07 4.71 3.75 4.40 3.95 4.54 5.04 4.99 4.23 4.09 3.96 3.67 3.88 3.98 3.72 3.45 4.59 3.73 1.61 4.05 4.41 3.94 3.40 3.31 4.38 3.83 4.68
2.70 3.91 4.05 3.85 2.55 3.79 2.75 4.44 3.22 3.71 3.77 3.54 4.00 3.88 4.02 3.08 3.80 4.31 4.73 4.38 3.05 3.79 3.80 1.83 4.75 1.19 3.82 3.76 3.66 3.98 2.47 3.49 3.91 3.45 3.76 3.99 4.37 3.85 3.88 3.64 3.90 3.75 3.43 3.80 4.41 3.76 4.01 3.36 3.94 3.90 3.70 3.61 3.20 3.66 4.16 4.06 3.11 3.58 3.98 3.31 3.27 4.07 3.77 4.08 3.86 3.50 2.56 3.87 3.66 3.84 3.59 3.68 3.63 3.70 3.41 3.94 2.54 4.03 3.61 4.39 3.32 3.94 3.45 3.46 3.72 4.56 1.75 4.02 3.24 3.90 3.42 3.91 4.32 4.31 3.67 3.54 3.42 3.26 3.37 3.44 3.29 2.90 3.89 3.19 1.36 3.41 3.80 3.31 3.01 2.95 3.80 3.25 4.02
2.90 4.19 4.39 4.29 2.76 4.02 3.04 4.77 3.39 4.07 4.02 3.89 4.44 4.19 4.35 3.23 4.11 4.71 5.10 4.73 3.34 4.05 4.05 1.90 5.14 1.16 4.09 4.07 3.88 4.30 2.66 3.88 4.22 3.73 4.06 4.28 4.81 4.18 4.21 3.79 4.21 3.97 3.59 4.23 4.78 3.94 4.37 3.55 4.24 4.14 4.12 3.80 3.38 4.03 4.43 4.54 3.26 3.94 4.28 3.59 3.59 4.39 3.97 4.37 4.32 3.70 2.76 4.18 4.02 4.22 3.92 4.05 4.03 3.96 3.83 4.37 2.76 4.22 3.87 4.80 3.69 4.34 3.57 3.64 3.94 4.94 1.83 4.28 3.49 4.37 3.71 4.20 4.62 4.65 4.00 3.82 3.70 3.67 3.66 3.73 3.68 3.01 4.10 3.38 1.42 3.56 4.10 3.43 3.35 3.32 4.12 3.41 4.31
3.52 5.13 5.16 4.69 3.28 5.04 3.39 5.78 4.36 4.63 4.99 4.43 4.89 4.97 5.17 4.18 4.90 5.44 6.12 5.64 3.83 4.99 5.02 2.53 6.10 1.79 4.99 4.81 4.89 5.12 3.20 4.26 5.04 4.43 4.84 5.21 5.44 4.89 4.98 4.99 5.04 5.01 4.66 4.63 5.64 5.11 5.08 4.51 5.10 5.16 4.49 4.88 4.28 4.52 5.50 4.91 4.25 4.47 5.18 4.22 4.07 5.25 5.10 5.31 4.63 4.68 3.32 5.00 4.56 4.77 4.56 4.56 4.42 4.85 4.06 4.84 3.26 5.47 4.73 5.52 4.05 4.91 4.79 4.65 4.95 5.83 2.39 5.33 4.19 4.70 4.38 5.08 5.67 5.57 4.67 4.55 4.41 3.89 4.29 4.41 3.98 4.01 5.25 4.23 1.87 4.69 4.92 4.58 3.65 3.50 4.85 4.40 5.25
3.48 5.05 5.17 4.85 3.27 4.92 3.48 5.72 4.21 4.71 4.89 4.50 5.04 4.97 5.16 4.03 4.88 5.49 6.08 5.62 3.88 4.90 4.92 2.41 6.09 1.61 4.93 4.81 4.76 5.10 3.17 4.40 5.01 4.42 4.82 5.14 5.54 4.91 4.97 4.78 5.01 4.87 4.48 4.78 5.65 4.92 5.11 4.38 5.06 5.05 4.65 4.71 4.16 4.63 5.38 5.10 4.08 4.55 5.13 4.23 4.15 5.23 4.93 5.25 4.83 4.55 3.29 4.97 4.64 4.86 4.59 4.66 4.57 4.78 4.26 4.97 3.26 5.27 4.66 5.59 4.18 5.00 4.55 4.51 4.83 5.83 2.30 5.21 4.16 4.89 4.38 5.03 5.58 5.54 4.69 4.54 4.40 4.08 4.30 4.41 4.13 3.82 5.08 4.13 1.79 4.48 4.89 4.36 3.78 3.68 4.86 4.24 5.19
3.38 4.93 4.98 4.54 3.16 4.84 3.28 5.56 4.18 4.48 4.79 4.28 4.73 4.79 4.98 4.01 4.72 5.25 5.89 5.43 3.70 4.79 4.82 2.42 5.88 1.70 4.80 4.64 4.69 4.93 3.08 4.13 4.85 4.27 4.66 5.01 5.26 4.72 4.80 4.78 4.86 4.81 4.46 4.48 5.44 4.89 4.90 4.33 4.91 4.96 4.35 4.68 4.11 4.38 5.28 4.76 4.07 4.32 4.98 4.06 3.94 5.06 4.89 5.11 4.50 4.49 3.19 4.82 4.40 4.61 4.40 4.41 4.28 4.66 3.95 4.68 3.14 5.24 4.54 5.33 3.92 4.75 4.58 4.46 4.75 5.62 2.29 5.12 4.03 4.56 4.23 4.89 5.45 5.36 4.50 4.38 4.25 3.78 4.13 4.25 3.86 3.83 5.04 4.06 1.79 4.49 4.74 4.38 3.54 3.40 4.67 4.22 5.05
3.66 5.29 5.52 5.36 3.47 5.09 3.81 6.02 4.30 5.11 5.08 4.88 5.55 5.28 5.48 4.11 5.17 5.92 6.43 5.96 4.19 5.12 5.13 2.42 6.48 1.51 5.17 5.13 4.91 5.42 3.35 4.85 5.31 4.70 5.11 5.40 6.03 5.26 5.30 4.82 5.30 5.03 4.57 5.28 6.02 5.01 5.49 4.51 5.35 5.24 5.15 4.82 4.29 5.05 5.60 5.66 4.14 4.94 5.41 4.52 4.50 5.54 5.04 5.52 5.39 4.69 3.47 5.26 5.04 5.29 4.92 5.08 5.04 5.01 4.77 5.46 3.47 5.37 4.89 6.03 4.61 5.44 4.56 4.62 4.99 6.22 2.33 5.42 4.40 5.45 4.67 5.30 5.84 5.86 5.03 4.82 4.66 4.57 4.61 4.70 4.59 3.84 5.20 4.28 1.81 4.53 5.17 4.37 4.19 4.14 5.19 4.33 5.45
2.99 4.34 4.50 4.32 2.83 4.19 3.08 4.93 3.55 4.14 4.17 3.95 4.48 4.31 4.47 3.40 4.22 4.81 5.26 4.86 3.40 4.20 4.21 2.01 5.28 1.28 4.23 4.18 4.04 4.42 2.74 3.91 4.34 3.83 4.17 4.42 4.88 4.28 4.32 4.00 4.33 4.14 3.77 4.26 4.90 4.14 4.46 3.71 4.37 4.31 4.15 3.98 3.53 4.09 4.60 4.56 3.43 4.00 4.42 3.68 3.65 4.52 4.16 4.52 4.33 3.86 2.84 4.30 4.08 4.28 4.00 4.11 4.06 4.10 3.83 4.41 2.83 4.44 4.00 4.89 3.72 4.40 3.79 3.81 4.11 5.07 1.93 4.45 3.59 4.38 3.81 4.34 4.79 4.79 4.09 3.93 3.80 3.67 3.75 3.83 3.69 3.19 4.29 3.52 1.50 3.75 4.22 3.63 3.37 3.31 4.22 3.58 4.46
2.00 2.90 3.01 2.90 1.90 2.80 2.06 3.29 2.37 2.78 2.79 2.65 3.01 2.88 2.99 2.26 2.83 3.22 3.52 3.25 2.28 2.80 2.81 1.34 3.53 0.85 2.83 2.80 2.70 2.96 1.83 2.63 2.90 2.57 2.79 2.96 3.28 2.87 2.89 2.66 2.90 2.76 2.52 2.86 3.28 2.76 2.99 2.48 2.92 2.88 2.79 2.65 2.36 2.74 3.07 3.06 2.28 2.68 2.96 2.46 2.45 3.02 2.77 3.02 2.91 2.58 1.90 2.88 2.74 2.87 2.68 2.76 2.73 2.74 2.57 2.96 1.89 2.96 2.68 3.28 2.50 2.95 2.52 2.54 2.74 3.39 1.29 2.97 2.40 2.95 2.55 2.90 3.20 3.20 2.74 2.63 2.55 2.47 2.51 2.56 2.48 2.12 2.86 2.35 1.00 2.50 2.82 2.42 2.27 2.23 2.83 2.38 2.98
3.46 5.04 5.14 4.79 3.25 4.91 3.44 5.70 4.22 4.67 4.88 4.46 4.98 4.94 5.13 4.04 4.85 5.45 6.05 5.59 3.84 4.89 4.91 2.42 6.05 1.64 4.91 4.78 4.76 5.08 3.16 4.34 4.99 4.40 4.79 5.13 5.49 4.88 4.94 4.79 4.99 4.87 4.49 4.72 5.61 4.92 5.07 4.38 5.04 5.04 4.59 4.72 4.16 4.58 5.37 5.03 4.09 4.50 5.11 4.20 4.11 5.20 4.93 5.23 4.76 4.55 3.28 4.95 4.59 4.82 4.55 4.61 4.51 4.77 4.19 4.92 3.24 5.27 4.64 5.54 4.13 4.95 4.57 4.51 4.82 5.80 2.30 5.20 4.14 4.83 4.36 5.01 5.57 5.51 4.66 4.51 4.37 4.02 4.27 4.38 4.08 3.83 5.08 4.13 1.79 4.49 4.86 4.37 3.73 3.62 4.82 4.25 5.17
3.84 5.55 5.83 5.72 3.66 5.31 4.05 6.32 4.47 5.42 5.31 5.18 5.92 5.57 5.78 4.26 5.45 6.27 6.77 6.28 4.44 5.35 5.36 2.50 6.83 1.51 5.42 5.41 5.12 5.71 3.52 5.18 5.59 4.95 5.38 5.67 6.41 5.56 5.58 4.99 5.58 5.24 4.73 5.64 6.35 5.19 5.80 4.69 5.63 5.48 5.51 5.01 4.46 5.37 5.85 6.06 4.29 5.24 5.68 4.77 4.78 5.82 5.23 5.79 5.77 4.89 3.65 5.54 5.35 5.62 5.20 5.40 5.38 5.25 5.12 5.82 3.66 5.56 5.12 6.39 4.92 5.78 4.69 4.81 5.21 6.56 2.41 5.66 4.62 5.84 4.93 5.57 6.12 6.17 5.31 5.07 4.91 4.91 4.87 4.96 4.92 3.96 5.41 4.47 1.87 4.68 5.43 4.51 4.48 4.44 5.48 4.49 5.71
3.12 4.57 4.51 3.93 2.89 4.55 2.88 5.13 3.98 3.98 4.48 3.80 4.12 4.36 4.54 3.83 4.31 4.70 5.40 4.96 3.31 4.46 4.50 2.34 5.35 1.75 4.44 4.21 4.42 4.50 2.82 3.58 4.44 3.89 4.26 4.63 4.65 4.26 4.36 4.61 4.45 4.53 4.26 3.89 4.94 4.67 4.41 4.09 4.50 4.64 3.76 4.45 3.88 3.85 4.93 4.09 3.90 3.83 4.59 3.68 3.49 4.63 4.65 4.72 3.85 4.24 2.93 4.41 3.90 4.08 3.96 3.89 3.71 4.32 3.35 4.09 2.85 5.00 4.21 4.77 3.41 4.20 4.46 4.23 4.47 5.11 2.19 4.78 3.70 3.91 3.84 4.50 5.06 4.90 4.06 4.00 3.89 3.20 3.74 3.86 3.32 3.71 4.78 3.81 1.72 4.32 4.34 4.25 3.06 2.87 4.23 4.02 4.67
2.64 3.84 3.88 3.54 2.46 3.77 2.56 4.33 3.25 3.49 3.73 3.34 3.69 3.73 3.88 3.12 3.68 4.09 4.59 4.23 2.88 3.73 3.75 1.88 4.58 1.32 3.74 3.61 3.65 3.84 2.40 3.22 3.78 3.32 3.63 3.90 4.10 3.68 3.74 3.72 3.78 3.74 3.47 3.50 4.24 3.81 3.82 3.37 3.82 3.86 3.40 3.64 3.20 3.41 4.11 3.71 3.16 3.37 3.88 3.17 3.07 3.94 3.80 3.98 3.51 3.49 2.49 3.75 3.43 3.60 3.43 3.44 3.34 3.63 3.08 3.65 2.44 4.08 3.54 4.16 3.06 3.70 3.56 3.47 3.70 4.38 1.78 3.98 3.14 3.56 3.29 3.81 4.25 4.18 3.51 3.41 3.31 2.95 3.22 3.31 3.01 2.98 3.92 3.16 1.39 3.49 3.69 3.40 2.76 2.65 3.64 3.28 3.93
3.09 4.54 4.46 3.86 2.86 4.53 2.84 5.09 3.97 3.92 4.45 3.75 4.05 4.32 4.49 3.82 4.27 4.64 5.35 4.91 3.26 4.43 4.47 2.34 5.30 1.77 4.41 4.17 4.40 4.46 2.80 3.52 4.39 3.85 4.22 4.60 4.58 4.21 4.32 4.60 4.41 4.51 4.25 3.81 4.89 4.66 4.36 4.07 4.46 4.62 3.69 4.44 3.87 3.79 4.91 4.01 3.89 3.78 4.55 3.64 3.44 4.59 4.63 4.68 3.77 4.22 2.91 4.37 3.85 4.02 3.91 3.83 3.65 4.29 3.28 4.02 2.82 4.99 4.18 4.70 3.35 4.14 4.46 4.22 4.44 5.05 2.19 4.76 3.67 3.83 3.80 4.46 5.02 4.86 4.02 3.96 3.85 3.13 3.69 3.82 3.25 3.71 4.77 3.79 1.72 4.32 4.30 4.25 3.00 2.81 4.19 4.01 4.63
3.45 5.01 5.10 4.71 3.23 4.90 3.39 5.67 4.22 4.61 4.86 4.41 4.91 4.90 5.09 4.04 4.82 5.39 6.01 5.55 3.80 4.87 4.89 2.43 6.01 1.66 4.89 4.75 4.75 5.04 3.14 4.28 4.95 4.36 4.76 5.10 5.42 4.84 4.91 4.80 4.96 4.86 4.49 4.65 5.57 4.93 5.03 4.37 5.01 5.03 4.52 4.72 4.15 4.52 5.36 4.95 4.09 4.45 5.08 4.16 4.06 5.16 4.93 5.21 4.68 4.54 3.26 4.92 4.54 4.76 4.51 4.55 4.44 4.74 4.12 4.85 3.21 5.28 4.62 5.48 4.07 4.89 4.59 4.51 4.81 5.75 2.30 5.19 4.11 4.75 4.32 4.98 5.54 5.47 4.62 4.48 4.34 3.94 4.24 4.35 4.01 3.84 5.08 4.12 1.79 4.50 4.83 4.39 3.68 3.55 4.78 4.25 5.14
1.99 2.93 2.84 2.39 1.83 2.94 1.77 3.27 2.60 2.46 2.88 2.35 2.51 2.76 2.86 2.50 2.73 2.93 3.43 3.14 2.06 2.86 2.89 1.55 3.38 1.21 2.84 2.66 2.87 2.85 1.79 2.18 2.81 2.46 2.70 2.96 2.87 2.67 2.75 3.03 2.82 2.94 2.79 2.36 3.11 3.06 2.76 2.65 2.86 2.99 2.28 2.90 2.52 2.37 3.18 2.47 2.56 2.37 2.92 2.31 2.16 2.93 3.03 3.01 2.31 2.75 1.86 2.80 2.41 2.52 2.48 2.39 2.26 2.77 2.00 2.50 1.80 3.27 2.69 2.97 2.07 2.60 2.95 2.75 2.89 3.22 1.44 3.08 2.35 2.35 2.42 2.87 3.24 3.11 2.55 2.53 2.46 1.91 2.35 2.43 2.00 2.45 3.12 2.46 1.13 2.84 2.76 2.81 1.85 1.71 2.66 2.62 2.98
3.39 4.93 5.05 4.74 3.19 4.80 3.40 5.58 4.10 4.60 4.76 4.39 4.92 4.85 5.03 3.93 4.76 5.36 5.93 5.48 3.79 4.78 4.80 2.35 5.94 1.57 4.81 4.70 4.64 4.98 3.10 4.30 4.89 4.31 4.70 5.02 5.41 4.79 4.85 4.65 4.89 4.75 4.37 4.67 5.51 4.79 4.99 4.27 4.94 4.92 4.55 4.59 4.06 4.52 5.25 4.98 3.97 4.44 5.00 4.13 4.05 5.10 4.80 5.12 4.72 4.43 3.21 4.85 4.53 4.75 4.48 4.55 4.46 4.66 4.16 4.86 3.18 5.13 4.55 5.45 4.08 4.88 4.43 4.39 4.71 5.69 2.24 5.08 4.06 4.78 4.28 4.91 5.45 5.40 4.58 4.43 4.29 3.99 4.20 4.30 4.04 3.72 4.95 4.03 1.74 4.37 4.77 4.24 3.70 3.60 4.74 4.13 5.06
0.66 0.94 1.02 1.07 0.63 0.88 0.74 1.08 0.72 0.98 0.88 0.94 1.10 0.97 1.01 0.68 0.94 1.12 1.17 1.09 0.80 0.90 0.89 0.39 1.19 0.19 0.92 0.95 0.84 0.99 0.61 0.96 0.97 0.86 0.93 0.96 1.17 0.98 0.97 0.78 0.96 0.86 0.75 1.05 1.11 0.83 1.03 0.76 0.97 0.91 1.03 0.80 0.73 0.98 0.97 1.14 0.68 0.95 0.97 0.84 0.87 1.01 0.84 0.99 1.09 0.80 0.63 0.96 0.97 1.02 0.92 0.99 1.00 0.89 0.98 1.08 0.64 0.89 0.87 1.14 0.92 1.05 0.72 0.78 0.86 1.15 0.38 0.94 0.80 1.10 0.86 0.95 1.03 1.07 0.94 0.88 0.85 0.94 0.86 0.87 0.93 0.61 0.87 0.74 0.29 0.73 0.94 0.69 0.84 0.85 0.96 0.72 0.97
3.46 5.08 4.99 4.30 3.20 5.08 3.16 5.70 4.46 4.38 4.99 4.18 4.51 4.83 5.02 4.29 4.77 5.18 5.99 5.49 3.64 4.97 5.01 2.63 5.92 2.00 4.94 4.66 4.94 4.99 3.13 3.92 4.92 4.30 4.72 5.15 5.11 4.71 4.83 5.17 4.93 5.06 4.78 4.24 5.46 5.24 4.87 4.57 4.99 5.18 4.10 4.98 4.34 4.23 5.50 4.46 4.37 4.21 5.09 4.07 3.84 5.13 5.20 5.24 4.19 4.73 3.25 4.89 4.29 4.49 4.37 4.27 4.06 4.81 3.64 4.48 3.15 5.61 4.68 5.25 3.72 4.62 5.02 4.73 4.98 5.65 2.46 5.33 4.10 4.25 4.25 5.00 5.63 5.44 4.49 4.43 4.31 3.48 4.13 4.27 3.61 4.17 5.35 4.25 1.93 4.85 4.82 4.78 3.34 3.11 4.68 4.50 5.19
3.28 4.76 4.87 4.57 3.08 4.63 3.28 5.39 3.96 4.44 4.60 4.24 4.75 4.68 4.86 3.79 4.59 5.18 5.73 5.29 3.65 4.61 4.63 2.27 5.74 1.52 4.64 4.53 4.48 4.81 2.99 4.15 4.72 4.16 4.54 4.84 5.23 4.63 4.69 4.49 4.72 4.59 4.22 4.51 5.32 4.63 4.82 4.12 4.77 4.75 4.39 4.43 3.92 4.36 5.07 4.81 3.84 4.29 4.83 3.98 3.91 4.92 4.63 4.95 4.56 4.28 3.10 4.68 4.37 4.58 4.32 4.39 4.30 4.50 4.02 4.69 3.07 4.95 4.39 5.26 3.94 4.71 4.28 4.24 4.54 5.50 2.16 4.91 3.92 4.62 4.13 4.74 5.26 5.22 4.42 4.27 4.14 3.85 4.06 4.15 3.90 3.59 4.78 3.89 1.68 4.22 4.60 4.10 3.57 3.47 4.58 3.99 4.88
3.47 5.00 5.27 5.18 3.30 4.78 3.67 5.70 4.02 4.90 4.79 4.68 5.36 5.03 5.22 3.83 4.92 5.66 6.11 5.66 4.01 4.83 4.83 2.25 6.16 1.35 4.89 4.88 4.61 5.15 3.18 4.69 5.05 4.47 4.86 5.11 5.80 5.02 5.04 4.48 5.03 4.72 4.26 5.11 5.73 4.67 5.24 4.22 5.08 4.93 4.99 4.50 4.02 4.86 5.27 5.49 3.86 4.74 5.12 4.31 4.33 5.26 4.71 5.23 5.23 4.40 3.30 5.00 4.84 5.09 4.70 4.89 4.88 4.73 4.64 5.27 3.31 5.00 4.62 5.77 4.46 5.23 4.21 4.33 4.69 5.92 2.17 5.10 4.17 5.29 4.45 5.03 5.52 5.57 4.80 4.58 4.43 4.45 4.40 4.47 4.45 3.56 4.87 4.03 1.68 4.21 4.90 4.05 4.06 4.03 4.95 4.04 5.15
3.13 4.53 4.71 4.52 2.96 4.38 3.22 5.15 3.71 4.33 4.36 4.14 4.68 4.50 4.68 3.55 4.42 5.03 5.50 5.09 3.55 4.39 4.40 2.10 5.52 1.34 4.43 4.37 4.23 4.62 2.86 4.09 4.54 4.01 4.36 4.62 5.11 4.48 4.51 4.18 4.53 4.33 3.94 4.45 5.13 4.33 4.67 3.88 4.57 4.50 4.34 4.16 3.69 4.27 4.81 4.77 3.58 4.18 4.62 3.85 3.82 4.73 4.35 4.73 4.53 4.04 2.97 4.50 4.27 4.48 4.19 4.30 4.25 4.29 4.01 4.61 2.96 4.64 4.19 5.12 3.89 4.61 3.96 3.99 4.29 5.30 2.02 4.65 3.76 4.59 3.98 4.54 5.01 5.01 4.28 4.11 3.98 3.84 3.92 4.00 3.87 3.33 4.49 3.68 1.56 3.92 4.41 3.79 3.53 3.47 4.42 3.74 4.66
2.95 4.29 4.36 4.01 2.76 4.20 2.89 4.85 3.62 3.93 4.16 3.76 4.18 4.19 4.35 3.46 4.12 4.60 5.14 4.74 3.25 4.17 4.19 2.08 5.13 1.44 4.18 4.05 4.07 4.31 2.68 3.64 4.23 3.73 4.07 4.36 4.62 4.13 4.19 4.12 4.24 4.17 3.85 3.96 4.76 4.23 4.29 3.75 4.28 4.31 3.85 4.05 3.56 3.85 4.59 4.21 3.51 3.80 4.34 3.56 3.46 4.42 4.23 4.45 3.98 3.89 2.78 4.20 3.87 4.06 3.85 3.88 3.78 4.06 3.50 4.13 2.74 4.53 3.96 4.68 3.46 4.17 3.94 3.86 4.12 4.91 1.98 4.44 3.52 4.04 3.69 4.26 4.74 4.68 3.94 3.83 3.71 3.35 3.62 3.72 3.41 3.30 4.36 3.53 1.54 3.87 4.13 3.77 3.13 3.02 4.09 3.64 4.40
3.29 4.74 5.00 4.94 3.13 4.53 3.49 5.41 3.80 4.67 4.54 4.46 5.11 4.77 4.95 3.63 4.67 5.39 5.80 5.38 3.81 4.58 4.58 2.12 5.85 1.26 4.64 4.64 4.37 4.89 3.02 4.47 4.79 4.25 4.61 4.85 5.52 4.77 4.79 4.24 4.78 4.47 4.03 4.87 5.45 4.42 4.98 4.00 4.82 4.68 4.75 4.26 3.81 4.63 5.00 5.23 3.65 4.51 4.86 4.09 4.12 4.99 4.46 4.96 4.99 4.17 3.13 4.75 4.61 4.84 4.47 4.65 4.64 4.49 4.43 5.02 3.14 4.74 4.38 5.49 4.25 4.97 3.98 4.10 4.45 5.63 2.05 4.84 3.96 5.04 4.23 4.77 5.24 5.29 4.56 4.35 4.20 4.25 4.18 4.25 4.24 3.36 4.61 3.82 1.59 3.98 4.65 3.82 3.87 3.84 4.70 3.83 4.89
3.12 4.54 4.62 4.29 2.93 4.44 3.08 5.13 3.81 4.19 4.40 4.00 4.46 4.44 4.62 3.65 4.37 4.90 5.45 5.03 3.45 4.41 4.43 2.19 5.45 1.50 4.43 4.30 4.30 4.57 2.85 3.89 4.49 3.96 4.32 4.62 4.93 4.39 4.45 4.34 4.49 4.40 4.06 4.23 5.05 4.45 4.56 3.95 4.54 4.55 4.11 4.26 3.76 4.11 4.85 4.50 3.70 4.04 4.60 3.78 3.69 4.68 4.46 4.72 4.26 4.11 2.95 4.46 4.12 4.32 4.09 4.14 4.04 4.30 3.75 4.41 2.91 4.77 4.19 4.98 3.70 4.45 4.14 4.07 4.35 5.22 2.08 4.70 3.73 4.32 3.92 4.52 5.02 4.96 4.19 4.06 3.94 3.59 3.84 3.94 3.65 3.47 4.59 3.72 1.62 4.07 4.38 3.96 3.34 3.24 4.34 3.84 4.66
3.20 4.65 4.77 4.48 3.01 4.53 3.21 5.27 3.87 4.34 4.50 4.15 4.65 4.58 4.75 3.70 4.49 5.06 5.60 5.17 3.58 4.51 4.53 2.21 5.61 1.48 4.54 4.43 4.38 4.70 2.92 4.06 4.62 4.07 4.44 4.74 5.11 4.53 4.58 4.39 4.62 4.48 4.12 4.41 5.20 4.52 4.71 4.03 4.66 4.65 4.30 4.33 3.83 4.27 4.95 4.71 3.75 4.19 4.72 3.90 3.82 4.81 4.53 4.84 4.46 4.18 3.03 4.58 4.28 4.49 4.23 4.30 4.21 4.40 3.93 4.59 3.00 4.84 4.29 5.15 3.86 4.61 4.18 4.14 4.44 5.38 2.11 4.80 3.83 4.52 4.04 4.63 5.14 5.10 4.33 4.18 4.05 3.77 3.97 4.06 3.82 3.51 4.67 3.80 1.64 4.12 4.50 4.00 3.49 3.40 4.48 3.90 4.77
